<?xml version="1.0"?>
<opencv_storage>
<intrinsic_matrix type_id="opencv-matrix">
  <rows>3</rows>
  <cols>3</cols>
  <dt>d</dt>
  <data>
    6.1112260524542683e+02 0. 3.1272937246416393e+02 0.
    6.0676449936719280e+02 2.4728019910292650e+02 0. 0. 1.</data></intrinsic_matrix>
<distortion type_id="opencv-matrix">
  <rows>4</rows>
  <cols>1</cols>
  <dt>d</dt>
  <data>
    -7.2247463490140978e-03 -2.0900099244093329e-01
    9.5494989716105386e-03 -3.1727929939121642e-03</data></distortion>
<width>640</width>
<height>480</height>
</opencv_storage>
