<?xml version="1.0"?>
<opencv_storage>
<intrinsic_matrix type_id="opencv-matrix">
  <rows>3</rows>
  <cols>3</cols>
  <dt>d</dt>
  <data>
    6.3712578098445283e+002 0. 3.1624712792023462e+002 0.
    6.3920369116655513e+002 2.7391125359908676e+002 0. 0. 1.</data></intrinsic_matrix>
<distortion type_id="opencv-matrix">
  <rows>4</rows>
  <cols>1</cols>
  <dt>d</dt>
  <data>
    1.1017270602368780e-001 -5.1278832331985247e-001
    8.6043008358086571e-003 2.3393683546588935e-003</data></distortion>
<width>640</width>
<height>480</height>
</opencv_storage>
