%YAML:1.0
aruco_bc_nmarkers: 10
aruco_bc_mInfoType: 0
aruco_bc_markers:
   - { id:800, corners:[ [ -290., -110., 0. ], [ -190., -110., 0. ], [
       -190., -10., 0. ], [ -290., -10., 0. ] ] }
   - { id:70, corners:[ [ -170., -110., 0. ], [ -70., -110., 0. ], [
       -70., -10., 0. ], [ -170., -10., 0. ] ] }
   - { id:948, corners:[ [ -50., -110., 0. ], [ 50., -110., 0. ], [ 50.,
       -10., 0. ], [ -50., -10., 0. ] ] }
   - { id:650, corners:[ [ 70., -110., 0. ], [ 170., -110., 0. ], [ 170.,
       -10., 0. ], [ 70., -10., 0. ] ] }
   - { id:739, corners:[ [ 190., -110., 0. ], [ 290., -110., 0. ], [
       290., -10., 0. ], [ 190., -10., 0. ] ] }
   - { id:250, corners:[ [ -290., 10., 0. ], [ -190., 10., 0. ], [ -190.,
       110., 0. ], [ -290., 110., 0. ] ] }
   - { id:37, corners:[ [ -170., 10., 0. ], [ -70., 10., 0. ], [ -70.,
       110., 0. ], [ -170., 110., 0. ] ] }
   - { id:1014, corners:[ [ -50., 10., 0. ], [ 50., 10., 0. ], [ 50.,
       110., 0. ], [ -50., 110., 0. ] ] }
   - { id:846, corners:[ [ 70., 10., 0. ], [ 170., 10., 0. ], [ 170.,
       110., 0. ], [ 70., 110., 0. ] ] }
   - { id:649, corners:[ [ 190., 10., 0. ], [ 290., 10., 0. ], [ 290.,
       110., 0. ], [ 190., 110., 0. ] ] }
