%YAML:1.0
calibration_time: "Fr 23 Mai 2014 19:05:49 CEST"
nframes: 10
image_width: 640
image_height: 480
board_width: 9
board_height: 6
square_size: 2.5000000372529030e-02
flags: 0
camera_matrix: !!opencv-matrix
   rows: 3
   cols: 3
   dt: d
   data: [ 8.2427612541645294e+02, 0., 3.0782467947922987e+02, 0.,
       8.2227409761947081e+02, 2.3999958996797002e+02, 0., 0., 1. ]
distortion_coefficients: !!opencv-matrix
   rows: 5
   cols: 1
   dt: d
   data: [ -1.7821899398068319e-01, 3.4611147876288717e+00,
       8.4682358772278712e-03, 3.1858158812352573e-03,
       -1.5948674291293999e+01 ]
avg_reprojection_error: 1.5977796707006837e+00
per_view_reprojection_errors: !!opencv-matrix
   rows: 10
   cols: 1
   dt: f
   data: [ 2.62622863e-01, 4.37041461e-01, 3.35396647e-01,
       3.49622577e-01, 4.43173587e-01, 4.52215254e-01, 4.97637033e-01,
       5.48699439e-01, 3.49444747e-01, 4.89515781e+00 ]
# a set of 6-tuples (rotation vector + translation vector) for each view
extrinsic_parameters: !!opencv-matrix
   rows: 10
   cols: 6
   dt: d
   data: [ 2.0547060507080520e-01, 4.4321349870534338e-01,
       3.0280666967530587e+00, 2.1680370774690861e-03,
       7.3272808083117369e-02, 6.0007753219067650e-01,
       1.8050314754785104e-01, 2.9675388408728492e-01,
       3.0766605008899783e+00, 8.0055333667551354e-03,
       8.7921963523542632e-02, 5.4647914934248165e-01,
       3.4225523046399753e-01, 2.2013495764588048e-01,
       3.0913845240085993e+00, 2.7187308432971055e-02,
       1.3181921278719791e-01, 5.3071054647288174e-01,
       3.9743253277439122e-01, 2.7194671089255384e-01,
       3.0914493786693051e+00, 9.2986351606670001e-03,
       1.3795880858618883e-02, 5.1778467240515802e-01,
       -3.3790338803342690e-01, -1.9827212801395025e-01,
       -3.1162858020064026e+00, 1.2768284848000763e-01,
       1.9666428978121944e-02, 4.7828841893677632e-01,
       -1.4331384042945383e-01, 1.2996854093589399e-02,
       -1.7683815288568905e+00, -5.4673103727571754e-02,
       9.2848993153965720e-02, 4.9426978546518546e-01,
       -1.5589107489749887e-01, 1.2685498194340206e-01,
       -1.5971585191063675e+00, -4.4370217866397513e-02,
       1.0432694632750619e-01, 4.7797050921048762e-01,
       -3.3348660229109267e-01, 2.0604202910105274e-01,
       -1.6356705951067645e+00, -1.3555576204849695e-01,
       1.0902245360895789e-01, 5.3028647244778881e-01,
       -2.0571783187461065e-01, 6.8130478073525541e-02,
       -1.6660344621091707e+00, -1.5534760503355061e-01,
       1.0970968469344493e-01, 5.2271723693565009e-01,
       -9.9520111819291657e-02, 1.0662054925169709e-01,
       -1.6913050424701008e+00, -9.3503290269965636e-02,
       1.1112360903401139e-01, 4.8267909064757120e-01 ]
image_points: !!opencv-matrix
   rows: 10
   cols: 54
   dt: "2f"
   data: [ 3.10558319e+02, 3.40416138e+02, 2.76990845e+02,
       3.43039459e+02, 2.43609100e+02, 3.45715851e+02, 2.10718521e+02,
       3.48469086e+02, 1.78337173e+02, 3.51175629e+02, 1.45793060e+02,
       3.54012085e+02, 1.13264122e+02, 3.56700195e+02, 8.13766937e+01,
       3.59411591e+02, 4.96740417e+01, 3.61706787e+02, 3.08718323e+02,
       3.06932098e+02, 2.75415833e+02, 3.09591827e+02, 2.42641922e+02,
       3.12486084e+02, 2.10117233e+02, 3.15263397e+02, 1.77830444e+02,
       3.18116486e+02, 1.45908752e+02, 3.20814301e+02, 1.14184540e+02,
       3.23610596e+02, 8.20983505e+01, 3.26375092e+02, 5.05862961e+01,
       3.29200928e+02, 3.07073669e+02, 2.74128876e+02, 2.73977386e+02,
       2.77048523e+02, 2.41528168e+02, 2.79940186e+02, 2.09379837e+02,
       2.82817291e+02, 1.77527664e+02, 2.85769409e+02, 1.45681824e+02,
       2.88699768e+02, 1.14517593e+02, 2.91722931e+02, 8.32008743e+01,
       2.94503235e+02, 5.26985817e+01, 2.97672638e+02, 3.05286041e+02,
       2.42027802e+02, 2.72528290e+02, 2.44911041e+02, 2.40605087e+02,
       2.47969406e+02, 2.08614410e+02, 2.50832687e+02, 1.77444336e+02,
       2.53983047e+02, 1.46058136e+02, 2.57100891e+02, 1.14699570e+02,
       2.60212830e+02, 8.42802505e+01, 2.63164825e+02, 5.38530884e+01,
       2.66358551e+02, 3.03377625e+02, 2.10836945e+02, 2.71484772e+02,
       2.13995728e+02, 2.39793640e+02, 2.17142426e+02, 2.08374420e+02,
       2.20406067e+02, 1.77433197e+02, 2.23544617e+02, 1.46547455e+02,
       2.26840225e+02, 1.15668388e+02, 2.29756699e+02, 8.54555054e+01,
       2.32929245e+02, 5.49202080e+01, 2.36057510e+02, 3.01828156e+02,
       1.80678741e+02, 2.70234314e+02, 1.83886871e+02, 2.39247620e+02,
       1.87270538e+02, 2.08194977e+02, 1.90625900e+02, 1.77453186e+02,
       1.93644669e+02, 1.46782135e+02, 1.96865906e+02, 1.16465149e+02,
       2.00035599e+02, 8.57864227e+01, 2.02884674e+02, 5.61408615e+01,
       2.05973938e+02, 3.20618988e+02, 3.72603455e+02, 2.83141235e+02,
       3.74153687e+02, 2.46557602e+02, 3.75553314e+02, 2.09523727e+02,
       3.77264160e+02, 1.73580078e+02, 3.78418243e+02, 1.37665314e+02,
       3.79888275e+02, 1.01844528e+02, 3.81448853e+02, 6.61633606e+01,
       3.82989075e+02, 3.15360603e+01, 3.84194672e+02, 3.18876556e+02,
       3.34844513e+02, 2.82078247e+02, 3.36418610e+02, 2.45172409e+02,
       3.38047394e+02, 2.08578598e+02, 3.39526703e+02, 1.73414276e+02,
       3.41287231e+02, 1.37740158e+02, 3.43099365e+02, 1.02536316e+02,
       3.44442291e+02, 6.71404800e+01, 3.46070892e+02, 3.26146927e+01,
       3.47603729e+02, 3.17257812e+02, 2.97598480e+02, 2.80507141e+02,
       2.99288452e+02, 2.44025894e+02, 3.01111969e+02, 2.08512421e+02,
       3.02729767e+02, 1.73140442e+02, 3.04567352e+02, 1.38096664e+02,
       3.06343964e+02, 1.02869553e+02, 3.08426086e+02, 6.91126175e+01,
       3.10151276e+02, 3.49829597e+01, 3.12212799e+02, 3.15587769e+02,
       2.61038025e+02, 2.79072632e+02, 2.62883636e+02, 2.43441772e+02,
       2.64568939e+02, 2.07487106e+02, 2.66637909e+02, 1.73233139e+02,
       2.68607666e+02, 1.38165924e+02, 2.70645172e+02, 1.03372925e+02,
       2.72375305e+02, 6.94226227e+01, 2.74740295e+02, 3.59354668e+01,
       2.76894653e+02, 3.13836273e+02, 2.25040268e+02, 2.78476654e+02,
       2.27219559e+02, 2.42687088e+02, 2.29427917e+02, 2.07877304e+02,
       2.31635864e+02, 1.73441742e+02, 2.33957016e+02, 1.38851364e+02,
       2.35845993e+02, 1.04487282e+02, 2.37867477e+02, 7.11336899e+01,
       2.40182831e+02, 3.68630257e+01, 2.41853729e+02, 3.13477844e+02,
       1.90158936e+02, 2.77272156e+02, 1.92571304e+02, 2.42456558e+02,
       1.95024826e+02, 2.07780334e+02, 1.97518127e+02, 1.73304413e+02,
       1.99678574e+02, 1.39365402e+02, 2.01924149e+02, 1.05345215e+02,
       2.04225143e+02, 7.07903976e+01, 2.05991760e+02, 3.80502930e+01,
       2.08504837e+02, 3.50339325e+02, 4.44877228e+02, 3.11970032e+02,
       4.44526215e+02, 2.74822052e+02, 4.43889252e+02, 2.38584442e+02,
       4.43425751e+02, 2.02851669e+02, 4.42772797e+02, 1.67783890e+02,
       4.42891602e+02, 1.33207245e+02, 4.42104675e+02, 9.94516678e+01,
       4.41910492e+02, 6.65682602e+01, 4.40830139e+02, 3.49565094e+02,
       4.05332825e+02, 3.11893005e+02, 4.05264526e+02, 2.74870056e+02,
       4.04899200e+02, 2.38620331e+02, 4.05179932e+02, 2.03251755e+02,
       4.04778381e+02, 1.68934494e+02, 4.04627686e+02, 1.34213486e+02,
       4.04900757e+02, 1.00438156e+02, 4.05047974e+02, 6.71613693e+01,
       4.04699982e+02, 3.49112183e+02, 3.66132965e+02, 3.11242126e+02,
       3.66484344e+02, 2.74600342e+02, 3.66643372e+02, 2.38631042e+02,
       3.66706207e+02, 2.03607712e+02, 3.67112030e+02, 1.68996262e+02,
       3.67473907e+02, 1.35224014e+02, 3.67942413e+02, 1.01781944e+02,
       3.68363037e+02, 6.93401413e+01, 3.68571106e+02, 3.48525269e+02,
       3.27406708e+02, 3.11028564e+02, 3.27921997e+02, 2.74639160e+02,
       3.28689423e+02, 2.38696808e+02, 3.29231934e+02, 2.03859863e+02,
       3.30112152e+02, 1.69602692e+02, 3.30563080e+02, 1.35642822e+02,
       3.31164276e+02, 1.02906479e+02, 3.31744049e+02, 7.07899704e+01,
       3.32439728e+02, 3.47802551e+02, 2.89424011e+02, 3.10935486e+02,
