%YAML:1.0
nmarkers: 2
markersize: 7
marker_0: "0000000010010000000100011100011101000000100000000" # 0000000 0100100 0000010 0011100 0111010 0000010 0000000
marker_1: "0000000011010001100000110000000010001110100000000" # 0000000 0110100 0110000 0110000 0000100 0111010 0000000
