%YAML:1.0
nmarkers: 1
markersize: 6
marker_0: "111001111011101001001011010100010010"
