%YAML:1.0
calibration_time: "Mi 17 Sep 2014 18:48:45 CEST"
nframes: 10
image_width: 640
image_height: 480
board_width: 9
board_height: 6
square_size: 2.5000000372529030e-02
flags: 0
camera_matrix: !!opencv-matrix
   rows: 3
   cols: 3
   dt: d
   data: [ 4.2118255946317799e+02, 0., 2.6791486401391228e+02, 0.,
       4.1838191675752029e+02, 2.5677097167752288e+02, 0., 0., 1. ]
distortion_coefficients: !!opencv-matrix
   rows: 5
   cols: 1
   dt: d
   data: [ 1.8416462166812797e-01, -1.1251225077114804e+00,
       -4.2560343605865698e-03, -1.7893104850187962e-02,
       9.4088697352529405e-01 ]
avg_reprojection_error: 3.7136422132525220e+00
per_view_reprojection_errors: !!opencv-matrix
   rows: 10
   cols: 1
   dt: f
   data: [ 3.02940428e-01, 4.29987609e-01, 2.69680440e-01,
       4.22464323e+00, 7.21855259e+00, 7.01202965e+00, 3.50456309e+00,
       2.40499425e+00, 5.75034022e-01, 2.04208717e-01 ]
# a set of 6-tuples (rotation vector + translation vector) for each view
extrinsic_parameters: !!opencv-matrix
   rows: 10
   cols: 6
   dt: d
   data: [ -8.6879825202096375e-02, 1.6236962230315125e-01,
       1.4667892892226280e+00, 1.3284410714393621e-01,
       6.0518566483308979e-02, 7.3387643891707932e-01,
       1.5478631513722083e-01, 6.5291065146386940e-01,
       2.9549999936856186e+00, 2.5121705126405647e-01,
       2.4693569433085238e-01, 6.8784512868161940e-01,
       -1.2485545048297569e-01, -1.8169869695615551e-01,
       -3.0820246007460099e+00, 1.9820835765706596e-01,
       2.1876142199831206e-01, 7.1945636195554041e-01,
       2.5070839714987286e-01, 4.9661671942627694e-01,
       1.4225884398402602e+00, 4.4663352950238322e-02,
       2.6887648318726767e-02, 7.7851428375639853e-01,
       3.9106036625924834e-01, -1.5858757693373354e-01,
       3.0469449322014190e+00, 1.9079245079141487e-02,
       -3.6106313201271389e-01, 8.5602632701191661e-01,
       5.4554126110504753e-01, -1.0140794344931284e-01,
       3.0667184722407153e+00, -3.4761522565101920e-02,
       -3.5452428113315265e-01, 8.7672501713805517e-01,
       -4.3519143551908740e-01, -6.6535008579316116e-02,
       3.0059419329583235e+00, 5.4355367951326443e-02,
       -2.9312727745415440e-01, 8.1203073984587060e-01,
       -3.1526052588601733e-01, -2.8706362402235569e-01,
       2.9894874167754741e+00, -8.4635909865484082e-02,
       -2.9763493326977541e-01, 8.2966149467641759e-01,
       -4.6064171406609172e-01, -4.9323921970453050e-01,
       3.0411290287833808e+00, -1.9916395114102795e-01,
       -2.8431335477520453e-01, 7.8424492037842797e-01,
       -7.8332391770436771e-02, -1.2367329723411977e-01,
       -3.1354398709070752e+00, 1.7295184435178731e-01,
       1.7673899039464175e-01, 7.1211954459247717e-01 ]
image_points: !!opencv-matrix
   rows: 10
   cols: 54
   dt: "2f"
   data: [ 3.44078735e+02, 2.90857758e+02, 3.45719849e+02,
       3.05179260e+02, 3.47221558e+02, 3.19784271e+02, 3.49108093e+02,
       3.34419922e+02, 3.50418304e+02, 3.48921021e+02, 3.52387482e+02,
       3.63644714e+02, 3.53627625e+02, 3.78666077e+02, 3.55692383e+02,
       3.93664032e+02, 3.57222473e+02, 4.08916290e+02, 3.29778229e+02,
       2.92637817e+02, 3.31529572e+02, 3.06800507e+02, 3.32870667e+02,
       3.21127289e+02, 3.34566254e+02, 3.35520325e+02, 3.35924957e+02,
       3.50244202e+02, 3.37702911e+02, 3.65067780e+02, 3.39251282e+02,
       3.80078766e+02, 3.40846283e+02, 3.95087891e+02, 3.42529236e+02,
       4.10267548e+02, 3.15546539e+02, 2.93839020e+02, 3.17059723e+02,
       3.08196228e+02, 3.18586670e+02, 3.22733154e+02, 3.20153931e+02,
       3.37517822e+02, 3.21602356e+02, 3.51928101e+02, 3.23187195e+02,
       3.66729309e+02, 3.24719971e+02, 3.81681183e+02, 3.26201569e+02,
       3.96761444e+02, 3.27810394e+02, 4.11946106e+02, 3.01595001e+02,
       2.95619598e+02, 3.02479523e+02, 3.09965088e+02, 3.04382233e+02,
       3.24211426e+02, 3.05450989e+02, 3.38627228e+02, 3.07188049e+02,
       3.53324829e+02, 3.08379608e+02, 3.68195007e+02, 3.10198639e+02,
       3.83204865e+02, 3.11359131e+02, 3.98187622e+02, 3.13095032e+02,
       4.13354187e+02, 2.86942230e+02, 2.96878143e+02, 2.88429413e+02,
       3.11284210e+02, 2.89785767e+02, 3.25774994e+02, 2.91238556e+02,
       3.40572723e+02, 2.92671906e+02, 3.55128448e+02, 2.93877655e+02,
       3.69965179e+02, 2.95567993e+02, 3.84833832e+02, 2.96798523e+02,
       4.00107849e+02, 2.98491760e+02, 4.15318237e+02, 2.72684204e+02,
       2.98723328e+02, 2.74261261e+02, 3.12948608e+02, 2.75368500e+02,
       3.27265533e+02, 2.76767548e+02, 3.41707062e+02, 2.78126099e+02,
       3.56436768e+02, 2.78660156e+02, 3.71545074e+02, 2.80453217e+02,
       3.86384064e+02, 2.82089081e+02, 4.01385468e+02, 2.83681824e+02,
       4.16542358e+02, 4.16120880e+02, 4.03662811e+02, 4.01473602e+02,
       4.05338074e+02, 3.87073700e+02, 4.07083466e+02, 3.72510010e+02,
       4.09161896e+02, 3.58022705e+02, 4.10702393e+02, 3.43508698e+02,
       4.12790009e+02, 3.28753052e+02, 4.14703033e+02, 3.13993347e+02,
       4.16601318e+02, 2.99250549e+02, 4.18736694e+02, 4.13351440e+02,
       3.88847565e+02, 3.98878510e+02, 3.90472961e+02, 3.84618408e+02,
       3.92194519e+02, 3.70308685e+02, 3.94304749e+02, 3.55715210e+02,
       3.95885406e+02, 3.41278473e+02, 3.97911407e+02, 3.26513458e+02,
       3.99842804e+02, 3.12152008e+02, 4.01603485e+02, 2.97551849e+02,
       4.03636200e+02, 4.10686035e+02, 3.74064209e+02, 3.96447388e+02,
       3.75924561e+02, 3.82259186e+02, 3.77512787e+02, 3.67892059e+02,
       3.79628113e+02, 3.53525269e+02, 3.81371918e+02, 3.39100983e+02,
       3.83179565e+02, 3.24779236e+02, 3.85260284e+02, 3.10490997e+02,
       3.86887573e+02, 2.96009003e+02, 3.88879181e+02, 4.07919891e+02,
       3.59626434e+02, 3.93954987e+02, 3.61616302e+02, 3.79786926e+02,
       3.63302307e+02, 3.65496582e+02, 3.65119476e+02, 3.51358002e+02,
       3.66871521e+02, 3.37266754e+02, 3.68545013e+02, 3.22873810e+02,
       3.70633179e+02, 3.08353699e+02, 3.72452850e+02, 2.93970459e+02,
       3.74343384e+02, 4.05481140e+02, 3.45682587e+02, 3.91428558e+02,
       3.47221619e+02, 3.77454376e+02, 3.49364258e+02, 3.63215332e+02,
       3.50802460e+02, 3.49402893e+02, 3.52781830e+02, 3.35005737e+02,
       3.54547180e+02, 3.20673523e+02, 3.56311554e+02, 3.06671997e+02,
       3.58338806e+02, 2.92616638e+02, 3.59934509e+02, 4.02906952e+02,
       3.31875092e+02, 3.88882385e+02, 3.33542480e+02, 3.74981567e+02,
       3.35195221e+02, 3.61196472e+02, 3.37167328e+02, 3.46980286e+02,
       3.38737732e+02, 3.33047424e+02, 3.40697662e+02, 3.18941376e+02,
       3.42422516e+02, 3.04885010e+02, 3.44209473e+02, 2.90544983e+02,
       3.46164978e+02, 3.82341980e+02, 3.82958496e+02, 3.67591980e+02,
       3.82100342e+02, 3.53126984e+02, 3.81164001e+02, 3.38462006e+02,
       3.80299438e+02, 3.24089752e+02, 3.79532166e+02, 3.09883850e+02,
       3.78663818e+02, 2.95477509e+02, 3.77938141e+02, 2.80811676e+02,
       3.77073914e+02, 2.66422577e+02, 3.76462982e+02, 3.82660736e+02,
       3.68161377e+02, 3.68234406e+02, 3.67405518e+02, 3.53577759e+02,
       3.66482941e+02, 3.39178558e+02, 3.65603973e+02, 3.25129395e+02,
       3.64931427e+02, 3.10636292e+02, 3.64165894e+02, 2.96165894e+02,
       3.63301270e+02, 2.81640442e+02, 3.62527771e+02, 2.67429474e+02,
       3.61797729e+02, 3.83192535e+02, 3.53525360e+02, 3.68515137e+02,
       3.52821899e+02, 3.54329926e+02, 3.52014587e+02, 3.40113892e+02,
       3.51090271e+02, 3.25701141e+02, 3.50347748e+02, 3.11290344e+02,
       3.49633606e+02, 2.96784393e+02, 3.48823242e+02, 2.82807098e+02,
       3.48013275e+02, 2.68623444e+02, 3.47361511e+02, 3.83488159e+02,
       3.39099304e+02, 3.69277588e+02, 3.38315735e+02, 3.55229950e+02,
       3.37530090e+02, 3.40698486e+02, 3.36744171e+02, 3.26432831e+02,
       3.35820129e+02, 3.11989258e+02, 3.35218201e+02, 2.98039948e+02,
       3.34493988e+02, 2.83691315e+02, 3.33667084e+02, 2.69382355e+02,
       3.32938904e+02, 3.83952637e+02, 3.24880005e+02, 3.69984619e+02,
